
-----| sampleTest |-----------------------
(32.0, 0.34196870526412926)
(64.0, 0.45389312481029553)
(128.0, 0.43516122519049316)
(256.0, 0.5459814604573459)
(512.0, 0.5104789908759517)
# pass


-----| numTest |-----------------------
4.242640687119285
5.507570547286102
14.863265679744362
21.05231578710523
23.10555488765995
24.376999307504917
28.389824635899796
33.17001658124397
35.480980820715764
49.79412159537053
59.920338531228026
69.44320682657862
76.52468538012734
81.92243718472807
87.15570358081374
91.59866907586915
95.48575502013223
100.56943137114673
104.3054598157183
107.42561102810589
111.52857650227308
115.75638860113202
120.64265565014243
129.34407601432702
138.52162841398285
149.47524545171018
162.51005259911523
189.86380911024676
231.94635973238175
270.3
# pass


-----| symTest |-----------------------
0.9402859586706309
# pass